13C;13C;1H
0.3;0.3;0.05
N1 24.588 25.544 0.748 4581.15
N2 14.720 25.544 0.748 33.99
N3 21.616 25.544 0.748 57.52
N4 20.660 25.544 0.748 157.82
N5 24.484 25.544 0.748 41.07
N6 17.072 25.544 0.748 50.26
N7 25.544 24.588 0.676 4581.15
N8 24.484 24.588 0.676 105.32
N9 17.072 24.588 0.676 162.08
N10 19.176 20.132 0.955 4237.29
N11 20.204 20.132 0.955 64.98
N12 20.132 19.176 0.883 4237.29
N13 20.204 19.176 0.883 72.54
N14 25.544 14.720 0.711 33.99
N15 23.808 14.720 0.711 79.01
N16 22.852 14.720 0.711 94.19
N17 21.616 14.720 0.711 701.13
N18 20.660 14.720 0.711 40.84
N19 21.792 14.720 0.711 116.48
N20 14.644 14.720 0.711 58.78
N21 23.808 13.764 0.640 27.90
N22 22.852 13.764 0.640 235.65
N23 26.220 13.764 0.640 42.27
N24 25.264 13.764 0.640 54.00
N25 20.556 13.764 0.640 27.53
N26 14.720 23.808 0.918 79.01
N27 13.764 23.808 0.918 27.90
N28 22.852 23.808 0.918 4321.17
N29 21.440 23.808 0.918 40.55
N30 20.484 23.808 0.918 43.65
N31 21.792 23.808 0.918 43.07
N32 23.704 23.808 0.918 307.87
N33 22.748 23.808 0.918 132.30
N34 20.556 23.808 0.918 22.13
N35 19.600 23.808 0.918 122.19
N36 14.720 22.852 0.846 94.19
N37 13.764 22.852 0.846 235.65
N38 23.808 22.852 0.846 4321.17
N39 22.748 22.852 0.846 106.65
N40 21.792 22.852 0.846 137.29
N41 23.704 22.852 0.846 21.64
N42 19.600 22.852 0.846 23.48
N43 22.748 20.396 1.325 81.08
N44 21.792 20.396 1.325 166.13
N45 23.808 21.440 0.753 40.55
N46 20.484 21.440 0.753 2934.26
N47 23.704 21.440 0.753 100.08
N48 19.512 21.440 0.753 23.04
N49 23.808 20.484 0.981 43.65
N50 21.440 20.484 0.981 2934.26
N51 23.704 20.484 0.981 81.96
N52 19.512 20.484 0.981 536.16
N53 19.600 20.484 0.981 125.17
N54 15.072 20.028 1.209 1407.01
N55 20.028 15.072 0.738 1407.01
N56 24.484 15.072 0.738 151.41
N57 23.528 15.072 0.738 205.97
N58 25.544 21.616 0.766 57.52
N59 14.720 21.616 0.766 701.13
N60 20.660 21.616 0.766 3246.78
N61 21.792 21.616 0.766 112.37
N62 25.544 20.660 0.994 157.82
N63 14.720 20.660 0.994 40.84
N64 21.616 20.660 0.994 3246.78
N65 20.132 20.204 1.223 64.98
N66 19.176 20.204 1.223 72.54
N67 22.852 22.748 0.851 106.65
N68 20.396 22.748 0.851 81.08
N69 21.792 22.748 0.851 4018.40
N70 14.720 21.792 0.779 116.48
N71 23.808 21.792 0.779 43.07
N72 22.852 21.792 0.779 137.29
N73 20.396 21.792 0.779 166.13
N74 21.616 21.792 0.779 112.37
N75 22.748 21.792 0.779 4018.40
N76 23.380 24.336 0.658 4602.67
N77 13.688 24.336 0.658 1040.22
N78 24.336 23.380 0.886 4602.67
N79 13.688 23.380 0.886 59.33
N80 21.968 22.924 0.864 3745.42
N81 22.924 21.968 0.792 3745.42
N82 19.012 21.968 0.792 112.38
N83 21.968 19.012 1.221 112.38
N84 18.056 19.012 1.221 42.69
N85 25.820 19.012 1.221 122.13
N86 24.864 19.012 1.221 264.81
N87 19.940 19.012 1.221 22.01
N88 19.012 18.056 1.449 42.69
N89 19.600 18.056 1.449 46.89
N90 25.820 18.056 1.449 54.76
N91 24.864 18.056 1.449 163.05
N92 18.056 19.600 1.177 46.89
N93 14.720 14.644 0.706 58.78
N94 18.808 14.644 0.706 564.76
N95 25.616 14.644 0.706 529.97
N96 24.660 14.644 0.706 922.04
N97 22.748 14.644 0.706 22.46
N98 24.336 13.688 0.634 1040.22
N99 23.380 13.688 0.634 59.33
N100 17.436 18.232 1.462 194.74
N101 23.908 17.276 1.391 120.50
N102 11.524 17.276 1.391 228.97
N103 19.012 25.820 0.769 122.13
N104 18.056 25.820 0.769 54.76
N105 24.864 25.820 0.769 4070.59
N106 19.012 24.864 0.697 264.81
N107 18.056 24.864 0.697 163.05
N108 25.820 24.864 0.697 4070.59
N109 17.276 23.908 0.925 120.50
N110 22.952 23.908 0.925 3760.38
N111 11.524 23.908 0.925 115.70
N112 20.068 23.908 0.925 29.19
N113 23.908 22.952 0.854 3760.38
N114 12.352 20.496 1.332 29.10
N115 20.896 20.496 1.332 72.04
N116 21.892 14.040 0.660 25.15
N117 24.436 14.040 0.660 70.28
N118 23.480 14.040 0.660 24.75
N119 20.068 14.040 0.660 28.29
N120 25.216 26.172 0.795 4773.11
N121 25.792 26.172 0.795 65.41
N122 24.836 26.172 0.795 57.34
N123 19.864 26.172 0.795 253.77
N124 24.408 26.172 0.795 27.35
N125 26.172 25.216 0.724 4773.11
N126 25.792 25.216 0.724 38.76
N127 24.836 25.216 0.724 71.94
N128 19.864 25.216 0.724 101.60
N129 24.408 25.216 0.724 561.62
N130 23.452 25.216 0.724 27.41
N131 22.244 21.260 1.002 293.92
N132 20.632 21.260 1.002 73.39
N133 19.676 21.260 1.002 69.95
N134 19.864 21.260 1.002 344.48
N135 22.848 17.804 1.430 118.35
N136 21.892 17.804 1.430 40.26
N137 20.632 17.804 1.430 117.16
N138 19.676 17.804 1.430 477.10
N139 14.892 17.804 1.430 259.49
N140 17.804 22.848 0.858 118.35
N141 21.892 22.848 0.858 4148.88
N142 20.068 22.848 0.858 175.94
N143 20.632 22.848 0.858 73.16
N144 14.040 21.892 0.787 25.15
N145 17.804 21.892 0.787 40.26
N146 22.848 21.892 0.787 4148.88
N147 23.480 21.892 0.787 107.18
N148 20.068 21.892 0.787 82.33
N149 14.040 24.436 0.665 70.28
N150 23.480 24.436 0.665 4150.03
N151 14.040 23.480 0.893 24.75
N152 21.892 23.480 0.893 107.18
N153 24.436 23.480 0.893 4150.03
N154 17.276 11.524 0.772 228.97
N155 23.908 11.524 0.772 115.70
N156 20.068 11.524 0.772 34.36
N157 23.908 20.068 1.300 29.19
N158 14.040 20.068 1.300 28.29
N159 22.848 20.068 1.300 175.94
N160 21.892 20.068 1.300 82.33
N161 11.524 20.068 1.300 34.36
N162 18.808 13.612 0.628 152.69
N163 24.660 13.612 0.628 68.92
N164 23.704 13.612 0.628 22.37
N165 22.748 13.612 0.628 270.30
N166 25.792 13.612 0.628 184.55
N167 24.836 13.612 0.628 246.47
N168 25.968 13.612 0.628 27.59
N169 22.244 18.156 1.457 29.62
N170 25.264 18.156 1.457 81.50
N171 26.144 18.156 1.457 92.60
N172 25.188 18.156 1.457 130.04
N173 19.776 18.156 1.457 101.37
N174 22.244 19.200 0.885 3263.54
N175 19.288 19.200 0.885 22.18
N176 22.544 19.200 0.885 385.02
N177 21.588 19.200 0.885 24.75
N178 19.676 19.200 0.885 42.85
N179 18.732 19.200 0.885 83.24
N180 21.760 19.200 0.885 22.76
N181 17.348 19.200 0.885 91.17
N182 21.260 22.244 0.813 293.92
N183 18.156 22.244 0.813 29.62
N184 19.200 22.244 0.813 3263.54
N185 22.544 22.244 0.813 27.14
N186 20.632 22.244 0.813 66.52
N187 19.676 22.244 0.813 119.05
N188 18.732 22.244 0.813 64.82
N189 19.864 22.244 0.813 43.86
N190 19.200 19.288 1.241 22.18
N191 22.544 19.288 1.241 71.23
N192 21.588 19.288 1.241 159.86
N193 21.760 19.288 1.241 139.44
N194 17.348 19.288 1.241 351.92
N195 22.876 23.832 0.920 3858.20
N196 24.912 23.832 0.920 24.08
N197 23.832 22.876 0.848 3858.20
N198 24.964 25.920 0.776 3483.45
N199 17.840 25.920 0.776 28.17
N200 20.780 25.920 0.776 310.45
N201 25.920 24.964 0.705 3483.45
N202 22.624 24.964 0.705 89.87
N203 17.840 24.964 0.705 51.60
N204 12.428 24.964 0.705 49.45
N205 20.780 24.964 0.705 27.12
N206 23.956 24.964 0.705 47.47
N207 21.384 13.008 0.883 139.85
N208 20.972 13.008 0.883 68.94
N209 14.516 13.008 0.883 200.62
N210 22.192 13.008 0.883 32.34
N211 21.236 13.008 0.883 60.47
N212 26.096 23.052 0.861 3773.38
N213 25.492 23.052 0.861 64.75
N214 20.796 23.052 0.861 212.31
N215 23.052 26.096 0.790 3773.38
N216 25.492 26.096 0.790 92.19
N217 20.796 26.096 0.790 30.25
N218 24.184 25.140 0.718 4239.71
N219 24.360 25.140 0.718 244.13
N220 23.404 25.140 0.718 153.24
N221 26.448 25.140 0.718 150.44
N222 25.492 25.140 0.718 37.49
N223 20.796 25.140 0.718 126.69
N224 17.840 25.140 0.718 30.67
N225 25.140 24.184 0.946 4239.71
N226 24.360 24.184 0.946 28.29
N227 23.404 24.184 0.946 56.79
N228 26.448 24.184 0.946 34.27
N229 20.796 24.184 0.946 269.96
N230 17.840 24.184 0.946 192.62
N231 22.624 15.272 0.753 30.32
N232 25.668 15.272 0.753 167.35
N233 17.840 15.272 0.753 146.29
N234 25.140 24.360 0.659 244.13
N235 24.184 24.360 0.659 28.29
N236 23.404 24.360 0.659 4172.75
N237 26.448 24.360 0.659 205.50
N238 25.492 24.360 0.659 27.98
N239 18.080 24.360 0.659 30.17
N240 25.140 23.404 0.888 153.24
N241 24.184 23.404 0.888 56.79
N242 24.360 23.404 0.888 4172.75
N243 26.448 23.404 0.888 29.84
N244 18.080 23.404 0.888 27.12
N245 17.840 23.404 0.888 56.85
N246 25.140 26.448 0.816 150.44
N247 24.184 26.448 0.816 34.27
N248 24.360 26.448 0.816 205.50
N249 23.404 26.448 0.816 29.84
N250 25.492 26.448 0.816 4464.17
N251 18.080 26.448 0.816 170.42
N252 20.796 26.448 0.816 231.82
N253 23.052 25.492 0.744 64.75
N254 26.096 25.492 0.744 92.19
N255 25.140 25.492 0.744 37.49
N256 24.360 25.492 0.744 27.98
N257 26.448 25.492 0.744 4464.17
N258 20.796 25.492 0.744 71.90
N259 24.360 18.080 1.451 30.17
N260 23.404 18.080 1.451 27.12
N261 26.448 18.080 1.451 170.42
N262 20.796 18.080 1.451 31.49
N263 17.840 18.080 1.451 179.37
N264 24.964 22.624 0.829 89.87
N265 15.272 22.624 0.829 30.32
N266 25.668 22.624 0.829 4828.01
N267 18.444 22.624 0.829 49.40
N268 17.840 22.624 0.829 72.00
N269 12.428 22.624 0.829 115.02
N270 15.272 25.668 0.757 167.35
N271 22.624 25.668 0.757 4828.01
N272 24.812 25.668 0.757 49.23
N273 18.444 25.668 0.757 151.91
N274 17.840 25.668 0.757 46.92
N275 12.428 25.668 0.757 78.51
N276 21.032 17.212 1.936 52.51
N277 20.620 17.212 1.936 23.85
N278 18.708 17.212 1.936 1123.58
N279 20.252 17.212 1.936 79.29
N280 22.800 23.756 0.914 4412.55
N281 24.636 23.756 0.914 51.49
N282 23.680 23.756 0.914 38.08
N283 11.900 23.756 0.914 319.06
N284 18.444 23.756 0.914 61.83
N285 19.488 23.756 0.914 44.75
N286 19.008 23.756 0.914 61.35
N287 23.756 22.800 0.842 4412.55
N288 22.844 22.800 0.842 244.86
N289 24.636 22.800 0.842 230.99
N290 23.680 22.800 0.842 112.29
N291 11.900 22.800 0.842 40.61
N292 18.444 22.800 0.842 158.72
N293 22.800 22.844 1.121 244.86
N294 11.976 22.844 1.121 24.97
N295 24.636 22.844 1.121 88.19
N296 23.680 22.844 1.121 264.41
N297 20.832 22.844 1.121 110.40
N298 19.876 22.844 1.121 40.81
N299 23.932 24.888 0.699 4070.70
N300 24.636 24.888 0.699 119.86
N301 23.680 24.888 0.699 45.89
N302 24.812 24.888 0.699 24.71
N303 24.888 23.932 0.927 4070.70
N304 19.564 23.932 0.927 54.00
N305 22.844 11.976 0.805 24.97
N306 23.504 11.976 0.805 145.88
N307 22.548 11.976 0.805 54.91
N308 20.656 11.976 0.805 53.65
N309 20.832 11.976 0.805 25.01
N310 19.876 11.976 0.805 242.30
N311 22.772 11.976 0.805 26.00
N312 19.564 20.520 1.334 30.17
N313 23.932 19.564 1.262 54.00
N314 20.520 19.564 1.262 30.17
N315 20.784 18.608 1.490 25.49
N316 15.524 18.608 1.490 55.31
N317 21.740 22.696 0.847 4091.95
N318 20.784 22.696 0.847 403.45
N319 19.828 22.696 0.847 238.08
N320 12.904 22.696 0.847 250.69
N321 19.948 22.696 0.847 84.09
N322 22.696 21.740 0.775 4091.95
N323 20.784 21.740 0.775 22.03
N324 12.904 21.740 0.775 44.76
N325 19.948 21.740 0.775 453.28
N326 18.608 20.784 0.704 25.49
N327 22.696 20.784 0.704 403.45
N328 21.740 20.784 0.704 22.03
N329 19.828 20.784 0.704 5289.29
N330 20.656 20.784 0.704 24.32
N331 19.700 20.784 0.704 266.10
N332 20.316 20.784 0.704 28.04
N333 12.904 20.784 0.704 341.98
N334 22.696 19.828 0.932 238.08
N335 20.784 19.828 0.932 5289.29
N336 19.700 19.828 0.932 79.18
N337 22.772 19.828 0.932 58.06
N338 20.316 19.828 0.932 201.29
N339 12.904 19.828 0.932 307.23
N340 23.728 19.916 1.288 110.80
N341 22.772 19.916 1.288 36.94
N342 11.976 23.504 0.895 145.88
N343 22.548 23.504 0.895 3933.39
N344 23.680 23.504 0.895 335.52
N345 22.268 23.504 0.895 142.01
N346 20.832 23.504 0.895 125.56
N347 19.876 23.504 0.895 240.46
N348 19.964 23.504 0.895 89.06
N349 19.096 23.504 0.895 25.43
N350 22.140 23.504 0.895 31.91
N351 22.772 23.504 0.895 21.93
N352 11.976 22.548 0.823 54.91
N353 23.504 22.548 0.823 3933.39
N354 22.268 22.548 0.823 51.63
N355 19.788 22.548 0.823 49.25
N356 20.832 22.548 0.823 26.45
N357 19.876 22.548 0.823 100.40
N358 19.964 22.548 0.823 262.66
N359 19.096 22.548 0.823 177.67
N360 22.140 22.548 0.823 102.43
N361 19.184 22.548 0.823 67.98
N362 23.728 22.548 0.823 246.43
N363 22.772 22.548 0.823 289.77
N364 22.140 22.592 1.102 30.51
N365 23.756 24.636 0.680 51.49
N366 22.800 24.636 0.680 230.99
N367 22.844 24.636 0.680 88.19
N368 24.888 24.636 0.680 119.86
N369 23.680 24.636 0.680 3582.03
N370 24.812 24.636 0.680 132.29
N371 11.900 24.636 0.680 54.74
N372 18.444 24.636 0.680 44.11
N373 23.756 23.680 0.908 38.08
N374 22.800 23.680 0.908 112.29
N375 22.844 23.680 0.908 264.41
N376 24.888 23.680 0.908 45.89
N377 23.504 23.680 0.908 335.52
N378 24.636 23.680 0.908 3582.03
N379 22.268 23.680 0.908 43.22
N380 11.900 23.680 0.908 53.56
N381 20.832 23.680 0.908 147.70
N382 19.876 23.680 0.908 38.08
N383 19.008 23.680 0.908 45.02
N384 22.268 19.224 0.887 4265.01
N385 11.900 19.224 0.887 24.76
N386 19.964 19.224 0.887 41.65
N387 22.140 19.224 0.887 82.83
N388 23.504 22.268 0.815 142.01
N389 22.548 22.268 0.815 51.63
N390 23.680 22.268 0.815 43.22
N391 19.224 22.268 0.815 4265.01
N392 11.900 22.268 0.815 33.60
N393 19.964 22.268 0.815 258.31
N394 19.008 22.268 0.815 55.34
N395 19.096 22.268 0.815 22.24
N396 22.140 22.268 0.815 267.51
N397 25.668 24.812 0.693 49.23
N398 24.888 24.812 0.693 24.71
N399 24.636 24.812 0.693 132.29
N400 23.856 24.812 0.693 4063.28
N401 18.444 24.812 0.693 46.63
N402 24.812 23.856 0.921 4063.28
N403 23.756 11.900 0.800 319.06
N404 22.800 11.900 0.800 40.61
N405 24.636 11.900 0.800 54.74
N406 23.680 11.900 0.800 53.56
N407 19.224 11.900 0.800 24.76
N408 22.268 11.900 0.800 33.60
N409 19.488 11.900 0.800 112.48
N410 19.008 11.900 0.800 529.49
N411 22.624 18.444 2.028 49.40
N412 25.668 18.444 2.028 151.91
N413 23.756 18.444 2.028 61.83
N414 22.800 18.444 2.028 158.72
N415 24.636 18.444 2.028 44.11
N416 24.812 18.444 2.028 46.63
N417 23.756 19.488 1.256 44.75
N418 11.900 19.488 1.256 112.48
N419 19.008 19.488 1.256 107.84
N420 17.212 21.032 1.285 52.51
N421 20.620 21.032 1.285 273.46
N422 17.212 20.620 1.341 23.85
N423 21.032 20.620 1.341 273.46
N424 18.708 20.620 1.341 27.29
N425 18.708 19.664 1.270 39.34
N426 17.212 18.708 1.498 1123.58
N427 20.620 18.708 1.498 27.29
N428 19.664 18.708 1.498 39.34
N429 20.252 18.708 1.498 254.03
N430 17.212 20.252 1.226 79.29
N431 18.708 20.252 1.226 254.03
N432 21.384 20.252 1.226 24.74
N433 23.052 20.796 1.355 212.31
N434 26.096 20.796 1.355 30.25
N435 25.140 20.796 1.355 126.69
N436 24.184 20.796 1.355 269.96
N437 26.448 20.796 1.355 231.82
N438 25.492 20.796 1.355 71.90
N439 18.080 20.796 1.355 31.49
N440 17.840 20.796 1.355 42.53
N441 25.920 17.840 1.983 28.17
N442 24.964 17.840 1.983 51.60
N443 25.140 17.840 1.983 30.67
N444 24.184 17.840 1.983 192.62
N445 15.272 17.840 1.983 146.29
N446 23.404 17.840 1.983 56.85
N447 18.080 17.840 1.983 179.37
N448 22.624 17.840 1.983 72.00
N449 25.668 17.840 1.983 46.92
N450 20.796 17.840 1.983 42.53
N451 13.008 21.384 1.011 139.85
N452 20.252 21.384 1.011 24.74
N453 14.516 21.384 1.011 41.88
N454 24.964 12.428 0.839 49.45
N455 22.624 12.428 0.839 115.02
N456 25.668 12.428 0.839 78.51
N457 23.956 12.428 0.839 133.90
N458 13.008 20.972 1.368 68.94
N459 14.516 20.972 1.368 73.55
N460 13.008 14.516 0.696 200.62
N461 21.384 14.516 0.696 41.88
N462 20.972 14.516 0.696 73.55
N463 19.148 20.104 0.953 3354.90
N464 20.104 19.148 0.881 3354.90
N465 13.008 22.192 0.809 32.34
N466 21.236 22.192 0.809 3914.00
N467 20.216 22.192 0.809 255.77
N468 13.008 21.236 0.738 60.47
N469 22.192 21.236 0.738 3914.00
N470 25.920 20.780 1.266 310.45
N471 24.964 20.780 1.266 27.12
N472 22.368 20.780 1.266 27.45
N473 22.368 19.324 0.894 3927.59
N474 20.780 22.368 0.822 27.45
N475 19.324 22.368 0.822 3927.59
N476 20.216 22.368 0.822 26.32
N477 23.832 24.912 0.701 24.08
N478 23.956 24.912 0.701 3783.10
N479 24.964 23.956 0.929 47.47
N480 12.428 23.956 0.929 133.90
N481 24.912 23.956 0.929 3783.10
N482 19.200 22.544 0.836 385.02
N483 22.244 22.544 0.836 27.14
N484 19.288 22.544 0.836 71.23
N485 21.588 22.544 0.836 3401.46
N486 19.676 22.544 0.836 30.66
N487 17.348 22.544 0.836 143.59
N488 14.892 22.544 0.836 77.90
N489 19.200 21.588 0.764 24.75
N490 19.288 21.588 0.764 159.86
N491 22.544 21.588 0.764 3401.46
N492 17.348 21.588 0.764 217.18
N493 21.260 20.632 0.992 73.39
N494 17.804 20.632 0.992 117.16
N495 22.848 20.632 0.992 73.16
N496 22.244 20.632 0.992 66.52
N497 19.676 20.632 0.992 4356.95
N498 19.864 20.632 0.992 25.75
N499 14.892 20.632 0.992 21.87
N500 21.260 19.676 0.920 69.95
N501 17.804 19.676 0.920 477.10
N502 19.200 19.676 0.920 42.85
N503 22.244 19.676 0.920 119.05
N504 22.544 19.676 0.920 30.66
N505 20.632 19.676 0.920 4356.95
N506 14.892 19.676 0.920 476.32
N507 13.764 26.220 0.799 42.27
N508 25.264 26.220 0.799 4003.33
N509 13.764 25.264 0.727 54.00
N510 18.156 25.264 0.727 81.50
N511 26.220 25.264 0.727 4003.33
N512 26.144 25.264 0.727 23.81
N513 25.188 25.264 0.727 318.52
N514 14.644 18.808 1.205 564.76
N515 13.612 18.808 1.205 152.69
N516 25.616 18.808 1.205 199.05
N517 24.660 18.808 1.205 288.74
N518 22.748 18.808 1.205 29.22
N519 20.496 12.352 0.834 29.10
N520 17.072 12.352 0.834 218.38
N521 25.616 12.352 0.834 141.81
N522 20.496 20.896 1.362 72.04
N523 19.940 20.896 1.362 35.86
N524 19.012 19.940 1.290 22.01
N525 20.896 19.940 1.290 35.86
N526 25.544 24.484 0.669 41.07
N527 24.588 24.484 0.669 105.32
N528 15.072 24.484 0.669 151.41
N529 23.528 24.484 0.669 3876.74
N530 15.072 23.528 0.897 205.97
N531 24.484 23.528 0.897 3876.74
N532 25.544 17.072 1.375 50.26
N533 24.588 17.072 1.375 162.08
N534 12.352 17.072 1.375 218.38
N535 25.616 17.072 1.375 45.24
N536 14.644 25.616 0.754 529.97
N537 18.808 25.616 0.754 199.05
N538 12.352 25.616 0.754 141.81
N539 17.072 25.616 0.754 45.24
N540 24.660 25.616 0.754 3894.94
N541 14.644 24.660 0.682 922.04
N542 13.612 24.660 0.682 68.92
N543 18.808 24.660 0.682 288.74
N544 25.616 24.660 0.682 3894.94
N545 22.748 24.660 0.682 268.43
N546 25.792 24.660 0.682 30.04
N547 23.808 23.704 0.910 307.87
N548 22.852 23.704 0.910 21.64
N549 21.440 23.704 0.910 100.08
N550 20.484 23.704 0.910 81.96
N551 13.612 23.704 0.910 22.37
N552 22.748 23.704 0.910 4557.51
N553 25.968 23.704 0.910 99.81
N554 20.556 23.704 0.910 32.00
N555 19.600 23.704 0.910 430.26
N556 23.808 22.748 0.838 132.30
N557 14.644 22.748 0.838 22.46
N558 13.612 22.748 0.838 270.30
N559 18.808 22.748 0.838 29.22
N560 24.660 22.748 0.838 268.43
N561 23.704 22.748 0.838 4557.51
N562 25.792 22.748 0.838 23.57
N563 24.836 22.748 0.838 37.15
N564 25.968 22.748 0.838 46.91
N565 19.600 22.748 0.838 32.78
N566 26.172 25.792 0.767 65.41
N567 25.216 25.792 0.767 38.76
N568 13.612 25.792 0.767 184.55
N569 24.660 25.792 0.767 30.04
N570 22.748 25.792 0.767 23.57
N571 24.836 25.792 0.767 3376.62
N572 26.172 24.836 0.695 57.34
N573 25.216 24.836 0.695 71.94
N574 13.612 24.836 0.695 246.47
N575 22.748 24.836 0.695 37.15
N576 25.792 24.836 0.695 3376.62
N577 22.924 24.836 0.695 103.35
N578 25.968 24.836 0.695 98.62
N579 24.408 24.836 0.695 56.22
N580 23.452 24.836 0.695 37.95
N581 23.452 20.880 1.273 23.27
N582 24.836 22.924 0.852 103.35
N583 25.968 22.924 0.852 4006.63
N584 26.144 22.924 0.852 54.73
N585 19.776 22.924 0.852 212.82
N586 22.820 22.924 0.852 138.06
N587 24.408 22.924 0.852 43.22
N588 23.452 22.924 0.852 390.57
N589 13.612 25.968 0.780 27.59
N590 23.704 25.968 0.780 99.81
N591 22.748 25.968 0.780 46.91
N592 24.836 25.968 0.780 98.62
N593 22.924 25.968 0.780 4006.63
N594 19.600 25.968 0.780 36.12
N595 26.144 25.968 0.780 320.91
N596 25.188 25.968 0.780 33.10
N597 19.776 25.968 0.780 74.11
N598 23.452 25.968 0.780 26.43
N599 21.440 19.512 1.258 23.04
N600 20.484 19.512 1.258 536.16
N601 19.600 19.512 1.258 65.46
N602 13.764 20.556 0.986 27.53
N603 23.808 20.556 0.986 22.13
N604 23.704 20.556 0.986 32.00
N605 19.600 20.556 0.986 3910.36
N606 26.144 20.556 0.986 128.97
N607 25.188 20.556 0.986 319.81
N608 23.808 19.600 0.915 122.19
N609 22.852 19.600 0.915 23.48
N610 20.484 19.600 0.915 125.17
N611 23.704 19.600 0.915 430.26
N612 22.748 19.600 0.915 32.78
N613 25.968 19.600 0.915 36.12
N614 19.512 19.600 0.915 65.46
N615 20.556 19.600 0.915 3910.36
N616 26.144 19.600 0.915 35.62
N617 25.188 19.600 0.915 30.17
N618 18.156 26.144 0.793 92.60
N619 25.264 26.144 0.793 23.81
N620 22.924 26.144 0.793 54.73
N621 25.968 26.144 0.793 320.91
N622 20.556 26.144 0.793 128.97
N623 19.600 26.144 0.793 35.62
N624 25.188 26.144 0.793 4092.19
N625 19.776 26.144 0.793 315.31
N626 18.156 25.188 0.721 130.04
N627 25.264 25.188 0.721 318.52
N628 25.968 25.188 0.721 33.10
N629 20.556 25.188 0.721 319.81
N630 19.600 25.188 0.721 30.17
N631 26.144 25.188 0.721 4092.19
N632 19.776 25.188 0.721 26.00
N633 19.200 18.732 1.500 83.24
N634 22.244 18.732 1.500 64.82
N635 12.628 18.732 1.500 34.76
N636 21.760 18.732 1.500 74.91
N637 18.156 19.776 0.928 101.37
N638 22.924 19.776 0.928 212.82
N639 25.968 19.776 0.928 74.11
N640 26.144 19.776 0.928 315.31
N641 25.188 19.776 0.928 26.00
N642 22.820 19.776 0.928 3931.34
N643 26.496 19.776 0.928 23.23
N644 25.540 19.776 0.928 451.32
N645 22.924 22.820 0.856 138.06
N646 19.776 22.820 0.856 3931.34
N647 26.496 22.820 0.856 21.46
N648 25.540 22.820 0.856 394.38
N649 26.172 19.864 1.285 253.77
N650 25.216 19.864 1.285 101.60
N651 21.260 19.864 1.285 344.48
N652 22.244 19.864 1.285 43.86
N653 20.632 19.864 1.285 25.75
N654 26.172 24.408 0.663 27.35
N655 25.216 24.408 0.663 561.62
N656 24.836 24.408 0.663 56.22
N657 22.924 24.408 0.663 43.22
N658 23.452 24.408 0.663 3105.35
N659 25.216 23.452 0.891 27.41
N660 24.836 23.452 0.891 37.95
N661 20.880 23.452 0.891 23.27
N662 22.924 23.452 0.891 390.57
N663 25.968 23.452 0.891 26.43
N664 24.408 23.452 0.891 3105.35
N665 19.776 26.496 0.820 23.23
N666 22.820 26.496 0.820 21.46
N667 25.540 26.496 0.820 3572.01
N668 12.628 26.496 0.820 119.18
N669 19.776 25.540 0.748 451.32
N670 22.820 25.540 0.748 394.38
N671 26.496 25.540 0.748 3572.01
N672 12.628 25.540 0.748 194.67
N673 12.628 19.084 1.226 258.23
N674 17.172 19.084 1.226 33.91
N675 18.732 12.628 0.854 34.76
N676 26.496 12.628 0.854 119.18
N677 25.540 12.628 0.854 194.67
N678 19.084 12.628 0.854 258.23
N679 19.084 17.172 1.383 33.91
N680 20.216 17.172 1.383 51.23
N681 16.304 17.172 1.383 21.82
N682 22.192 20.216 1.311 255.77
N683 22.368 20.216 1.311 26.32
N684 17.172 20.216 1.311 51.23
N685 19.200 21.760 1.039 22.76
N686 19.288 21.760 1.039 139.44
N687 18.732 21.760 1.039 74.91
N688 17.348 21.760 1.039 44.68
N689 17.172 16.304 2.168 21.82
N690 19.200 17.348 1.396 91.17
N691 19.288 17.348 1.396 351.92
N692 22.544 17.348 1.396 143.59
N693 21.588 17.348 1.396 217.18
N694 21.760 17.348 1.396 44.68
N695 17.804 14.892 0.724 259.49
N696 22.544 14.892 0.724 77.90
N697 20.632 14.892 0.724 21.87
N698 19.676 14.892 0.724 476.32
N699 18.232 17.436 1.952 194.74
N700 18.608 15.524 2.109 55.31
N701 19.612 20.568 1.337 22.30
N702 20.568 19.612 1.266 22.30
N703 19.700 19.612 1.266 75.69
N704 20.316 19.612 1.266 161.16
N705 12.904 19.612 1.266 246.33
N706 11.976 20.656 0.994 53.65
N707 20.784 20.656 0.994 24.32
N708 19.700 20.656 0.994 3585.20
N709 19.788 20.656 0.994 31.32
N710 19.876 20.656 0.994 105.79
N711 20.784 19.700 0.922 266.10
N712 19.828 19.700 0.922 79.18
N713 19.612 19.700 0.922 75.69
N714 20.656 19.700 0.922 3585.20
N715 19.788 19.700 0.922 26.91
N716 20.316 19.700 0.922 66.45
N717 12.904 19.700 0.922 169.42
N718 19.788 23.244 1.151 29.20
N719 22.548 19.788 1.279 49.25
N720 20.656 19.788 1.279 31.32
N721 19.700 19.788 1.279 26.91
N722 23.244 19.788 1.279 29.20
N723 19.876 19.788 1.279 55.45
N724 19.184 19.788 1.279 204.33
N725 22.772 19.788 1.279 202.44
N726 20.316 19.788 1.279 263.06
N727 22.844 20.832 0.707 110.40
N728 11.976 20.832 0.707 25.01
N729 23.504 20.832 0.707 125.56
N730 22.548 20.832 0.707 26.45
N731 23.680 20.832 0.707 147.70
N732 19.876 20.832 0.707 4047.13
N733 19.008 20.832 0.707 76.59
N734 22.844 19.876 0.935 40.81
N735 11.976 19.876 0.935 242.30
N736 23.504 19.876 0.935 240.46
N737 22.548 19.876 0.935 100.40
N738 23.680 19.876 0.935 38.08
N739 20.656 19.876 0.935 105.79
N740 19.788 19.876 0.935 55.45
N741 20.832 19.876 0.935 4047.13
N742 23.504 19.964 1.292 89.06
N743 22.548 19.964 1.292 262.66
N744 19.224 19.964 1.292 41.65
N745 22.268 19.964 1.292 258.31
N746 19.008 19.964 1.292 44.26
N747 19.096 19.964 1.292 27.68
N748 22.140 19.964 1.292 150.66
N749 19.184 19.964 1.292 190.66
N750 23.756 19.008 1.220 61.35
N751 23.680 19.008 1.220 45.02
N752 22.268 19.008 1.220 55.34
N753 11.900 19.008 1.220 529.49
N754 19.488 19.008 1.220 107.84
N755 20.832 19.008 1.220 76.59
N756 19.964 19.008 1.220 44.26
N757 23.504 19.096 0.877 25.43
N758 22.548 19.096 0.877 177.67
N759 22.268 19.096 0.877 22.24
N760 19.964 19.096 0.877 27.68
N761 22.140 19.096 0.877 3295.31
N762 23.728 19.096 0.877 354.27
N763 22.772 19.096 0.877 29.25
N764 23.504 22.140 0.805 31.91
N765 22.548 22.140 0.805 102.43
N766 22.592 22.140 0.805 30.51
N767 19.224 22.140 0.805 82.83
N768 22.268 22.140 0.805 267.51
N769 19.964 22.140 0.805 150.66
N770 19.096 22.140 0.805 3295.31
N771 23.728 22.140 0.805 21.85
N772 22.548 19.184 1.234 67.98
N773 19.788 19.184 1.234 204.33
N774 19.964 19.184 1.234 190.66
N775 23.728 19.184 1.234 23.52
N776 22.772 19.184 1.234 53.82
N777 19.916 23.728 0.912 110.80
N778 22.548 23.728 0.912 246.43
N779 19.096 23.728 0.912 354.27
N780 22.140 23.728 0.912 21.85
N781 19.184 23.728 0.912 23.52
N782 22.772 23.728 0.912 3509.10
N783 11.976 22.772 0.840 26.00
N784 19.828 22.772 0.840 58.06
N785 19.916 22.772 0.840 36.94
N786 23.504 22.772 0.840 21.93
N787 22.548 22.772 0.840 289.77
N788 19.788 22.772 0.840 202.44
N789 19.096 22.772 0.840 29.25
N790 19.184 22.772 0.840 53.82
N791 23.728 22.772 0.840 3509.10
N792 20.316 22.772 0.840 72.81
N793 20.784 20.316 1.319 28.04
N794 19.828 20.316 1.319 201.29
N795 19.612 20.316 1.319 161.16
N796 19.700 20.316 1.319 66.45
N797 19.788 20.316 1.319 263.06
N798 22.772 20.316 1.319 72.81
N799 12.904 20.316 1.319 86.17
N800 22.696 12.904 0.875 250.69
N801 21.740 12.904 0.875 44.76
N802 20.784 12.904 0.875 341.98
N803 19.828 12.904 0.875 307.23
N804 19.612 12.904 0.875 246.33
N805 19.700 12.904 0.875 169.42
N806 20.316 12.904 0.875 86.17
N807 22.696 19.948 1.203 84.09
N808 21.740 19.948 1.203 453.28
